4       75823575        75826705        JUNC_4_00006070 2251    +       75823575        75826705        255,0,0 2       150,2219        0,911   75823722-75823727:55    75824484-75824489:157        yes     142     no      0.45    0.926   no
4       75823607        75826779        JUNC_4_00006071 10      +       75823607        75826779        255,0,0 2       118,254 0,2918  75823722-75823727:55    75826523-75826528:862        yes     109     no      0.875   0.198   no
4       75823617        75826719        JUNC_4_00006072 30      +       75823617        75826719        255,0,0 2       108,253 0,2849  75823722-75823727:55    75826464-75826469:230        yes     99      no      0.662   0.184   no
4       75823869        75826539        JUNC_4_00006073 7       +       75823869        75826539        255,0,0 2       124,2053        0,617   75823990-75823995:70    75824484-75824489:157        yes     143     no      0.398   1.439   yes
4       75823257        75826719        JUNC_4_00006074 575     +       75823257        75826719        255,0,0 2       1300,253        0,3209  75824554-75824559:262   75826464-75826469:230        yes     58      no      0.642   0.151   no
4       75823257        75826779        JUNC_4_00006075 1798    +       75823257        75826779        255,0,0 2       1300,254        0,3268  75824554-75824559:262   75826523-75826528:862        yes     58      no      0.642   0.151   no
4       75823257        75826843        JUNC_4_00006076 2086    +       75823257        75826843        255,0,0 2       3291,191        0,3395  75826545-75826550:82    75826650-75826655:176        yes     112     no      0.235   5.343   yes
4       75826659        75827516        JUNC_4_00006077 1628    +       75826659        75827516        255,0,0 2       200,506 0,351   75826856-75826861:35    75827008-75827013:18 yes     6       no      0.295   0.2     no
4       75827067        75829162        JUNC_4_00006078 49      +       75827067        75829162        255,0,0 2       46,1658 0,437   75827110-75827115:2     75827502-75827507:1295       no      0       no      0       0       no
4       75826812        75827621        JUNC_4_00006079 743     +       75826812        75827621        255,0,0 2       301,149 0,660   75827110-75827115:2     75827470-75827475:1  no      0       no      0       0       no
4       75827111        75828535        JUNC_4_00006080 181     +       75827111        75828535        255,0,0 2       511,146 0,1278  75827619-75827624:26    75828387-75828392:236        yes     15      no      0.594   0.101   no
4       75827085        75830311        JUNC_4_00006081 3442    +       75827085        75830311        255,0,0 2       537,1180        0,2046  75827619-75827624:26    75829129-75829134:367        yes     147     no      1.231   0.483   no
4       75828714        75830084        JUNC_4_00006082 11      +       75828714        75830084        255,0,0 2       150,953 0,417   75828861-75828866:1527  75829129-75829134:367        yes     313     no      0.682   5.816   yes
4       75828691        75830129        JUNC_4_00006083 258     +       75828691        75830129        255,0,0 2       211,998 0,440   75828899-75828904:1453  75829129-75829134:367        yes     313     no      0.714   6.781   yes
4       75828840        75830128        JUNC_4_00006084 102     +       75828840        75830128        255,0,0 2       150,997 0,291   75828987-75828992:293   75829129-75829134:367        yes     310     yes     0.047   11.065  yes
4       75827527        75830311        JUNC_4_00006085 2730    +       75827527        75830311        255,0,0 2       1659,301        0,2483  75829183-75829188:5     75830008-75830013:26 yes     15      no      0.714   0.09    no
4       75827615        75830278        JUNC_4_00006086 173     +       75827615        75830278        255,0,0 2       2481,155        0,2508  75830093-75830098:2608  75830121-75830126:2791       yes     2823    yes     0.033   518.751 yes
4       75827615        75830278        JUNC_4_00006087 173     .       75827615        75830278        255,0,0 2       2481,155        0,2508  75830093-75830098:2608  75830121-75830126:2791       yes     2823    yes     0.033   518.751 yes
4       75829143        75830349        JUNC_4_00006088 132     +       75829143        75830349        255,0,0 2       973,149 0,1057  75830113-75830118:2661  75830198-75830203:6108       yes     3337    no      0.319   197.101 yes




4       75823258        75824486        /Zm00001d050245/clean   0       +       10      0.819376        116.098 3       110     205     1       112     1       110.75  0   1291     0       0.0825091       LowSplicing
4       75824557        75826525        /Zm00001d050245/clean   0       +       130     1       74.6644 37      71      109     190     557     91.3    527.9   1447    11221115     0.0490676       NonUniformIntronCover
4       75826548        75826652        /Zm00001d050245/clean   0       +       10      1       84.7632 76      83.5    103     59      112     76.55   100.25  1267    12671267     0.0627056       -
4       75826835        75827010        /Zm00001d050245/clean   0       +       10      1       4.13433 4       4       5       1498    4       244.1   4       0       106300.00387423      LowCover
4       75827113        75827472        /Zm00001d050245/clean   0       +       10      0.805158        1       1       1       1       1       1       1       1       659 656      656     0.00151515      -
4       75827622        75829131        /Zm00001d050245/clean   0       +       10      1       229.399 34      181     992     24      233     32.3    227.4   2176    22642038     0.0920026       NonUniformIntronCover
4       75829186        75829635        /Zm00001d050245/clean   0       +       10      0.977221        18.1695 9       20      28      13      37      2.8     35.25   141400       0.0126867       LowSplicing
4       75829690        75830010        /Zm00001d050245/clean   0       +       10      1       15      7       16      19      39      20      39.95   16.65   0       141400.0104969       LowSplicing